<?xml version="1.0"?>
<opencv_storage>
<matrix type_id="opencv-matrix">
  <rows>9</rows>
  <cols>9</cols>
  <dt>f</dt>
  <data>
    1. 1. 1. 1. 0. 0. 1. 1. 1. 1. 1. 0. 1. 1. 1. 1. 1. 0. 1. 0. 1. 1. 1.
    1. 1. 0. 0. 1. 0. 1. 1. 1. 1. 1. 0. 0. 1. 1. 1. 1. 1. 1. 1. 1. 0. 0.
    1. 1. 1. 1. 0. 1. 1. 1. 0. 1. 0. 0. 1. 1. 1. 0. 0. 1. 0. 1. 1. 0. 0.
    1. 1. 1. 0. 0. 0. 1. 1. 0. 1. 1. 0.</data></matrix>
</opencv_storage>
